0 0
1 1
2 1.9892
3 2.9846
4 3.9952
5 5.15488
6 5.92636
7 7.02582
8 7.77102
9 9.17296
10 9.91712
11 11.0511
12 12.1438
13 13.3376
14 13.8125
15 14.4233
16 16.2304
17 17.1258
18 19.0262
19 18.4211
20 20.4052
21 19.9229
22 21.7282
23 23.6321
24 25.0662
25 23.5917
26 27.7108
27 26.5891
28 26.2547
29 29.278
30 30.3478
31 33.3226
32 30.447
33 32.9976
34 34.228
35 33.0979
36 36.8258
37 38.6256
38 38.3433
39 40.0001
40 39.7627
41 38.9548
42 41.3782
43 42.7483
44 50.2061
45 39.3719
46 47.0645
47 47.7341
48 45.8284
49 48.0288
50 53.169
51 52.4826
52 52.1962
53 53.8433
54 50.6885
55 51.7656
56 54.4819
57 66.0572
58 53.7481
59 60.1409
60 60.569
61 54.9966
62 62.4822
63 71.6362
64 62.376
65 67.7901
66 63.3183
67 65.1772
68 63.5336
69 66.7465
70 85.9879
71 65.8307
72 71.7506
73 73.0306
74 68.7923
75 72.3141
76 81.5566
77 82.7221
78 79.2675
79 75.3885
80 78.152
81 75.9317
82 81.3462
83 100.524
84 71.8144
85 90.7977
86 81.8903
87 83.2088
88 84.4379
89 90.775
90 101.134
91 87.0769
92 91.1219
93 90.9526
94 85.0115
95 96.6091
96 110.733
97 87.0458
98 112.519
99 89.1438
100 94.3172
